425
359
32
903
907
103
961
278
830
926
903
980
833
627
836
895
67
428
686
810
442
779
664
306
670
161
439
769
794
464
302
83
204
871
268
335
218
738
555
801
791
737
317
741
486
794
378
238
495
977
773
880
408
743
456
682
494
184
813
617
356
169
207
17
730
274
32
581
354
425
180
521
903
703
581
437
567
447
393
309
843
236
489
871
508
546
547
396
72
800
58
51
21
44
325
563
389
303
845
39
147
395
99
535
765
914
713
980
299
337
351
116
887
213
306
399
85
348
808
24
173
520
991
584
142
455
422
520
741
702
292
78
686
504
560
827
619
609
792
18
699
376
942
714
740
228
224
583
508
774
95
726
508
704
490
464
398
860
876
810
985
600
859
266
83
144
491
500
110
37
34
166
38
173
69
120
922
610
611
281
632
607
176
14
198
257
805
747
423
482
118
935
730
596
28
747
241
28
572
780
296
221
951
313
381
959
620
166
128
534
667
83
874
96
339
55
699
626
479
385
174
402
956
56
456
138
182
329
321
99
395
241
105
801
888
83
47
734
162
36
390
721
192
550
906
880
320
370
410
107
423
137
101
931
485
453
585
987
536
859
506
998
72
812
641
193
787
836
381
354
249
802
222
434
283
50
191
295
767
63
139
468
615
733
980
541
179
989
416
910
372
154
773
524
859
77
111
358
425
436
287
140
344
424
469
249
402
382
450
605
849
662
567
630
862
403
771
401
565
650
115
59
801
302
354
869
532
739
203
799
178
946
388
571
431
445
926
822
846
852
426
771
180
510
14
985
108
115
296
301
547
74
795
59
303
591
504
993
548
552
406
636
719
239
869
592
943
530
719
818
976
34
656
376
57
609
976
771
57
575
102
35
550
486
439
380
654
581
503
945
809
226
688
230
622
620
401
306
990
231
688
980
286
473
395
4
529
309
355
542
317
990
523
787
676
230
440
41
230
799
657
772
741
522
120
20
225
430
985
209
669
220
314
364
34
449
764
632
322
315
162
625
792
303
151
436
14
538
597
367
775
46
59
378
910
88
183
758
766
984
340
797
292
985
181
571
146
513
67
931
382
219
579
661
218
427
140
22
564
457
815
1000
329
859
64
436
870
460
996
741
15
329
747
959
620
205
48
744
312
651
935
965
635
732
198
368
699
82
359
513
615
229
709
587
532
739
277
241
155
525
856
808
339
16
742
742
627
377
852
339
355
421
488
31
459
920
485
244
403
652
779
110
829
908
1000
160
856
465
869
17
215
525
930
879
242
334
884
658
506
117
864
892
162
48
408
584
909
733
309
329
99
328
549
868
160
671
816
224
606
780
262
684
785
586
27
419
755
843
757
148
898
929
837
716
223
564
628
472
561
940
953
509
849
736
688
307
470
582
460
666
684
699
136
91
977
957
667
434
512
535
970
811
658
437
323
435
89
201
111
543
902
733
102
451
854
538
162
644
609
288
573
78
828
671
964
14
655
470
169
247
976
442
155
175
625
81
121
215
680
926
839
502
406
424
319
128
147
135
499
254
104
863
274
973
604
720
10
155
899
612
333
487
747
331
735
233
553
492
599
538
212
981
284
53
224
372
802
61
55
895
484
441
2
425
252
334
414
302
793
148
5
457
833
332
417
939
855
136
713
119
70
963
501
340
15
290
796
131
463
851
505
689
693
437
729
519
906
993
256
376
322
320
181
499
210
37
251
274
755
428
289
298
718
826
732
948
88
471
171
835
15
106
563
895
725
171
764
41
741
559
196
408
700
159
923
515
955
866
807
80
394
885
449
717
670
776
383
21
46
83
683
741
418
48
52
855
669
499
731
702
437
951
665
596
984
82
103
473
426
164
246
69
756
212
809
183
159
4
303
510
761
238
117
225
967
143
931
186
172
667
470
176
313
401
391
877
790
432
649
693
623
354
792
456
154
504
969
394
56
15
868
105
595
513
169
782
135
238
994
472
907
157
573
413
330
454
470
459
525
18
98
310
955
637
270
730
852
554
209
396
178
391
127
460
697
411
56
262
497
654
328
801
34
608
544
790
623
197
62
981
317
806
40
421
6
987
102
579
673
616
561
358
213
726
886
272
246
364
672
399
110
558
925
996
40
588
639
35
433
262
927
893
624
158
445
635
231
766
778
963
234
573
969
800
488
460
91
205
440
733
899
282
598
662
537
618
133
826
795
228
943
361
657
73
387
666
567
749
959
806
384
810
870
534
129
129
739
807
981
658
967
269
527
887
528
758
820
499
314
513
930
336
442
983
444
210
577
80
808
918
